1 0.000002
2 0.000001
3 0.000001
4 0.000001
5 0.000002
6 0.000001
7 0.000002
8 0.000002
9 0.000002
10 0.000002
20 0.000002
30 0.000003
40 0.000003
50 0.000004
60 0.000005
70 0.000005
80 0.000005
90 0.000006
100 0.000007
200 0.000013
300 0.000018
400 0.000023
500 0.000029
600 0.000034
700 0.000050
800 0.000047
900 0.000051
1000 0.000057
2000 0.000114
3000 0.000171
4000 0.000233
5000 0.000282
6000 0.000339
7000 0.000395
8000 0.000452
9000 0.000522
10000 0.000563
20000 0.001125
30000 0.001687
40000 0.002300
50000 0.002825
60000 0.003408
70000 0.003988
80000 0.004545
90000 0.005132
100000 0.005670
200000 0.011363
300000 0.017004
400000 0.022686
500000 0.028274
600000 0.034059
700000 0.039683
800000 0.045477
900000 0.050933
1000000 0.056767
2000000 0.113591
3000000 0.171046
4000000 0.226636
5000000 0.283419
6000000 0.339367
7000000 0.396993
8000000 0.452533
9000000 0.510446
10000000 0.566159
20000000 1.133530
30000000 1.700326
40000000 2.266172
50000000 2.833670
60000000 3.418144
70000000 3.986199
80000000 4.554236
90000000 5.130676
100000000 5.669996
