1 0.000002
2 0.000001
3 0.000001
4 0.000002
5 0.000001
6 0.000002
7 0.000002
8 0.000001
9 0.000002
10 0.000002
20 0.000002
30 0.000002
40 0.000002
50 0.000002
60 0.000002
70 0.000002
80 0.000002
90 0.000002
100 0.000001
200 0.000003
300 0.000004
400 0.000004
500 0.000005
600 0.000005
700 0.000007
800 0.000006
900 0.000008
1000 0.000008
2000 0.000015
3000 0.000022
4000 0.000029
5000 0.000037
6000 0.000044
7000 0.000052
8000 0.000058
9000 0.000062
10000 0.000070
20000 0.000138
30000 0.000205
40000 0.000280
50000 0.000342
60000 0.000410
70000 0.000478
80000 0.000564
90000 0.000634
100000 0.000683
200000 0.001365
300000 0.002047
400000 0.002796
500000 0.003409
600000 0.004219
700000 0.004838
800000 0.005623
900000 0.006250
1000000 0.006874
2000000 0.013702
3000000 0.020823
4000000 0.027595
5000000 0.034544
6000000 0.041350
7000000 0.048175
8000000 0.055708
9000000 0.062373
10000000 0.068887
20000000 0.137736
30000000 0.205680
40000000 0.274812
50000000 0.344000
60000000 0.411005
70000000 0.479146
80000000 0.551424
90000000 0.616966
100000000 0.685597
