1 0.000002
2 0.000003
3 0.000003
4 0.000004
5 0.000004
6 0.000004
7 0.000005
8 0.000005
9 0.000006
10 0.000007
20 0.000012
30 0.000018
40 0.000024
50 0.000029
60 0.000035
70 0.000040
80 0.000045
90 0.000051
100 0.000056
200 0.000111
300 0.000166
400 0.000227
500 0.000275
600 0.000331
700 0.000385
800 0.000442
900 0.000512
1000 0.000550
2000 0.001100
3000 0.001649
4000 0.002253
5000 0.002748
6000 0.003348
7000 0.003846
8000 0.004476
9000 0.004944
10000 0.005574
20000 0.011067
30000 0.016883
40000 0.022241
50000 0.027771
60000 0.033590
70000 0.039185
80000 0.044381
90000 0.049917
100000 0.055333
200000 0.110851
300000 0.166295
400000 0.221650
500000 0.277002
600000 0.332845
700000 0.388176
800000 0.443104
900000 0.499016
1000000 0.552569
2000000 1.103849
3000000 1.664926
4000000 2.240849
5000000 2.791200
6000000 3.338484
7000000 3.895644
8000000 4.453263
9000000 5.020623
10000000 5.564695
20000000 11.134195
30000000 16.650417
40000000 22.165005
50000000 27.828012
60000000 33.370319
70000000 38.962292
80000000 44.530922
90000000 50.102325
100000000 55.646187
