1 0.000007
2 0.000012
3 0.000018
4 0.000023
5 0.000029
6 0.000034
7 0.000039
8 0.000045
9 0.000050
10 0.000055
20 0.000113
30 0.000170
40 0.000226
50 0.000274
60 0.000330
70 0.000384
80 0.000452
90 0.000493
100 0.000548
200 0.001096
300 0.001689
400 0.002223
500 0.002740
600 0.003387
700 0.003836
800 0.004492
900 0.005018
1000 0.005609
2000 0.011047
3000 0.016750
4000 0.022355
5000 0.027678
6000 0.033321
7000 0.038913
8000 0.044497
9000 0.050288
10000 0.055418
20000 0.111306
30000 0.166501
40000 0.221980
50000 0.277567
60000 0.332418
70000 0.389187
80000 0.443922
90000 0.499510
100000 0.555631
200000 1.111140
300000 1.665501
400000 2.219976
500000 2.776100
600000 3.331694
700000 3.887304
800000 4.441886
900000 4.995332
1000000 5.554742
2000000 11.103655
3000000 16.586792
4000000 22.071285
5000000 27.598940
6000000 33.136898
7000000 38.693169
8000000 44.195038
9000000 49.770699
10000000 55.277271
20000000 110.490875
30000000 166.181793
40000000 221.336227
50000000 276.151794
60000000 331.447021
70000000 387.073456
80000000 442.197357
90000000 496.919220
100000000 552.300598
